2 0 255 255 255
3 0 255 255 255
10 0 255 255 255
11 0 255 255 255
2 1 255 255 255
3 1 255 255 255
10 1 255 255 255
11 1 255 255 255
2 2 255 255 255
3 2 255 255 255
10 2 255 255 255
11 2 255 255 255
2 3 252 252 252
3 3 252 252 252
10 3 252 252 252
11 3 252 252 252
2 4 248 248 248
3 4 248 248 248
10 4 248 248 248
11 4 248 248 248
2 5 243 243 243
3 5 243 243 243
10 5 243 243 243
11 5 243 243 243
2 6 237 237 237
3 6 237 237 237
10 6 237 237 237
11 6 237 237 237
2 7 231 231 231
3 7 231 231 231
10 7 231 231 231
11 7 231 231 231
2 8 226 226 226
3 8 226 226 226
10 8 226 226 226
11 8 226 226 226
2 9 220 220 220
3 9 220 220 220
4 9 220 220 220
9 9 220 220 220
10 9 220 220 220
11 9 220 220 220
3 10 215 215 215
4 10 215 215 215
5 10 215 215 215
8 10 215 215 215
9 10 215 215 215
10 10 215 215 215
4 11 211 211 211
5 11 211 211 211
6 11 211 211 211
7 11 211 211 211
8 11 211 211 211
9 11 211 211 211
5 12 208 208 208
6 12 208 208 208
7 12 208 208 208
8 12 208 208 208
6 13 208 208 208
7 13 208 208 208