3 0 255 255 255
4 0 255 255 255
5 0 255 255 255
6 0 255 255 255
7 0 255 255 255
8 0 255 255 255
9 0 255 255 255
10 0 255 255 255
2 1 255 255 255
3 1 255 255 255
4 1 255 255 255
5 1 255 255 255
6 1 255 255 255
7 1 255 255 255
8 1 255 255 255
9 1 255 255 255
10 1 255 255 255
11 1 255 255 255
2 2 255 255 255
3 2 255 255 255
10 2 255 255 255
11 2 255 255 255
2 3 252 252 252
3 3 252 252 252
10 3 252 252 252
11 3 252 252 252
2 4 248 248 248
3 4 248 248 248
10 4 248 248 248
11 4 248 248 248
2 5 243 243 243
3 5 243 243 243
10 5 243 243 243
11 5 243 243 243
2 6 237 237 237
3 6 237 237 237
4 6 237 237 237
5 6 237 237 237
6 6 237 237 237
7 6 237 237 237
8 6 237 237 237
9 6 237 237 237
10 6 237 237 237
11 6 237 237 237
2 7 231 231 231
3 7 231 231 231
4 7 231 231 231
5 7 231 231 231
6 7 231 231 231
7 7 231 231 231
8 7 231 231 231
9 7 231 231 231
10 7 231 231 231
11 7 231 231 231
2 8 226 226 226
3 8 226 226 226
10 8 226 226 226
11 8 226 226 226
2 9 220 220 220
3 9 220 220 220
10 9 220 220 220
11 9 220 220 220
2 10 215 215 215
3 10 215 215 215
10 10 215 215 215
11 10 215 215 215
2 11 211 211 211
3 11 211 211 211
10 11 211 211 211
11 11 211 211 211
2 12 208 208 208
3 12 208 208 208
10 12 208 208 208
11 12 208 208 208
2 13 208 208 208
3 13 208 208 208
10 13 208 208 208
11 13 208 208 208