2 0 255 255 255
3 0 255 255 255
10 0 255 255 255
11 0 255 255 255
2 1 255 255 255
3 1 255 255 255
10 1 255 255 255
11 1 255 255 255
2 2 255 255 255
3 2 255 255 255
10 2 255 255 255
11 2 255 255 255
2 3 252 252 252
3 3 252 252 252
10 3 252 252 252
11 3 252 252 252
2 4 248 248 248
3 4 248 248 248
10 4 248 248 248
11 4 248 248 248
2 5 243 243 243
3 5 243 243 243
10 5 243 243 243
11 5 243 243 243
2 6 237 237 237
3 6 237 237 237
4 6 237 237 237
5 6 237 237 237
6 6 237 237 237
7 6 237 237 237
8 6 237 237 237
9 6 237 237 237
10 6 237 237 237
11 6 237 237 237
3 7 231 231 231
4 7 231 231 231
5 7 231 231 231
6 7 231 231 231
7 7 231 231 231
8 7 231 231 231
9 7 231 231 231
10 7 231 231 231
6 8 226 226 226
7 8 226 226 226
6 9 220 220 220
7 9 220 220 220
6 10 215 215 215
7 10 215 215 215
6 11 211 211 211
7 11 211 211 211
6 12 208 208 208
7 12 208 208 208
6 13 208 208 208
7 13 208 208 208