2 0 255 255 255
3 0 255 255 255
4 0 255 255 255
5 0 255 255 255
6 0 255 255 255
7 0 255 255 255
8 0 255 255 255
9 0 255 255 255
10 0 255 255 255
11 0 255 255 255
2 1 255 255 255
3 1 255 255 255
4 1 255 255 255
5 1 255 255 255
6 1 255 255 255
7 1 255 255 255
8 1 255 255 255
9 1 255 255 255
10 1 255 255 255
11 1 255 255 255
6 2 255 255 255
7 2 255 255 255
6 3 252 252 252
7 3 252 252 252
6 4 248 248 248
7 4 248 248 248
6 5 243 243 243
7 5 243 243 243
6 6 237 237 237
7 6 237 237 237
6 7 231 231 231
7 7 231 231 231
6 8 226 226 226
7 8 226 226 226
6 9 220 220 220
7 9 220 220 220
6 10 215 215 215
7 10 215 215 215
6 11 211 211 211
7 11 211 211 211
6 12 208 208 208
7 12 208 208 208
6 13 208 208 208
7 13 208 208 208