2 0 255 255 255
3 0 255 255 255
4 0 255 255 255
5 0 255 255 255
6 0 255 255 255
7 0 255 255 255
8 0 255 255 255
9 0 255 255 255
10 0 255 255 255
11 0 255 255 255
2 1 255 255 255
3 1 255 255 255
4 1 255 255 255
5 1 255 255 255
6 1 255 255 255
7 1 255 255 255
8 1 255 255 255
9 1 255 255 255
10 1 255 255 255
11 1 255 255 255
10 2 255 255 255
11 2 255 255 255
9 3 252 252 252
10 3 252 252 252
11 3 252 252 252
8 4 248 248 248
9 4 248 248 248
10 4 248 248 248
7 5 243 243 243
8 5 243 243 243
9 5 243 243 243
6 6 237 237 237
7 6 237 237 237
8 6 237 237 237
5 7 231 231 231
6 7 231 231 231
7 7 231 231 231
4 8 226 226 226
5 8 226 226 226
6 8 226 226 226
3 9 220 220 220
4 9 220 220 220
5 9 220 220 220
2 10 215 215 215
3 10 215 215 215
4 10 215 215 215
2 11 211 211 211
3 11 211 211 211
2 12 208 208 208
3 12 208 208 208
4 12 208 208 208
5 12 208 208 208
6 12 208 208 208
7 12 208 208 208
8 12 208 208 208
9 12 208 208 208
10 12 208 208 208
11 12 208 208 208
2 13 208 208 208
3 13 208 208 208
4 13 208 208 208
5 13 208 208 208
6 13 208 208 208
7 13 208 208 208
8 13 208 208 208
9 13 208 208 208
10 13 208 208 208
11 13 208 208 208